data=np.array([[780,	0.0000330,	0.0000130,	0.0000000,	0.7160600],
[380,	0.0001600,	0.0000170,	0.0007050,	0.1813300],
[385,	0.0006620,	0.0000720,	0.0029280,	0.1809100],
[390,	0.0023620,	0.0002530,	0.0104820,	0.1803100],
[395,	0.0072420,	0.0007690,	0.0323440,	0.1794700],
[400,	0.0191100,	0.0020040,	0.0860110,	0.1783900],
[405,	0.0434000,	0.0045090,	0.1971200,	0.1771200],
[410,	0.0847360,	0.0087560,	0.3893660,	0.1754900],
[415,	0.1406380,	0.0144560,	0.6567600,	0.1732300],
[420,	0.2044920,	0.0213910,	0.9725420,	0.1706300],
[425,	0.2647370,	0.0294970,	1.2825000,	0.1679000],
[430,	0.3146790,	0.0386760,	1.5534800,	0.1650300],
[435,	0.3577190,	0.0496020,	1.7985000,	0.1621700],
[440,	0.3837340,	0.0620770,	1.9672800,	0.1590200],
[445,	0.3867260,	0.0747040,	2.0273000,	0.1553900],
[450,	0.3707020,	0.0894560,	1.9948000,	0.1510000],
[455,	0.3429570,	0.1062560,	1.9007000,	0.1459400],
[460,	0.3022730,	0.1282010,	1.7453700,	0.1389200],
[465,	0.2540850,	0.1527610,	1.5549000,	0.1295200],
[470,	0.1956180,	0.1851900,	1.3175600,	0.1151800],
[475,	0.1323490,	0.2199400,	1.0302000,	0.0957300],
[480,	0.0805070,	0.2535890,	0.7721250,	0.0727800],
[485,	0.0410720,	0.2976650,	0.5700600,	0.0451900],
[490,	0.0161720,	0.3391330,	0.4152540,	0.0209900],
[495,	0.0051320,	0.3953790,	0.3023560,	0.0073000],
[500,	0.0038160,	0.4607770,	0.2185020,	0.0055900],
[505,	0.0154440,	0.5313600,	0.1592490,	0.0218700],
[510,	0.0374650,	0.6067410,	0.1120440,	0.0495400],
[515,	0.0713580,	0.6856600,	0.0822480,	0.0850200],
[520,	0.1177490,	0.7617570,	0.0607090,	0.1252400],
[525,	0.1729530,	0.8233300,	0.0430500,	0.1664100],
[530,	0.2364910,	0.8752110,	0.0304510,	0.2070600],
[535,	0.3042130,	0.9238100,	0.0205840,	0.2436400],
[540,	0.3767720,	0.9619880,	0.0136760,	0.2785900],
[545,	0.4515840,	0.9822000,	0.0079180,	0.3132300],
[550,	0.5298260,	0.9917610,	0.0039880,	0.3473000],
[555,	0.6160530,	0.9991100,	0.0010910,	0.3811600],
[560,	0.7052240,	0.9973400,	0.0000000,	0.4142100],
[565,	0.7938320,	0.9823800,	0.0000000,	0.4469200],
[570,	0.8786550,	0.9555520,	0.0000000,	0.4790400],
[575,	0.9511620,	0.9151750,	0.0000000,	0.5096400],
[580,	1.0141600,	0.8689340,	0.0000000,	0.5385600],
[585,	1.0743000,	0.8256230,	0.0000000,	0.5654400],
[590,	1.1185200,	0.7774050,	0.0000000,	0.5899600],
[595,	1.1343000,	0.7203530,	0.0000000,	0.6116000],
[600,	1.1239900,	0.6583410,	0.0000000,	0.6306300],
[605,	1.0891000,	0.5938780,	0.0000000,	0.6471300],
[610,	1.0304800,	0.5279630,	0.0000000,	0.6612200],
[615,	0.9507400,	0.4618340,	0.0000000,	0.6730600],
[620,	0.8562970,	0.3980570,	0.0000000,	0.6826600],
[625,	0.7549300,	0.3395540,	0.0000000,	0.6897600],
[630,	0.6474670,	0.2834930,	0.0000000,	0.6954800],
[635,	0.5351100,	0.2282540,	0.0000000,	0.7009900],
[640,	0.4315670,	0.1798280,	0.0000000,	0.7058700],
[645,	0.3436900,	0.1402110,	0.0000000,	0.7102500],
[650,	0.2683290,	0.1076330,	0.0000000,	0.7137100],
[655,	0.2043000,	0.0811870,	0.0000000,	0.7156200],
[660,	0.1525680,	0.0602810,	0.0000000,	0.7167900],
[665,	0.1122100,	0.0440960,	0.0000000,	0.7178900],
[670,	0.0812610,	0.0318000,	0.0000000,	0.7187300],
[675,	0.0579300,	0.0226020,	0.0000000,	0.7193400],
[680,	0.0408510,	0.0159050,	0.0000000,	0.7197600],
[685,	0.0286230,	0.0111300,	0.0000000,	0.7200200],
[690,	0.0199410,	0.0077490,	0.0000000,	0.7201600],
[695,	0.0138420,	0.0053750,	0.0000000,	0.7203000],
[700,	0.0095770,	0.0037180,	0.0000000,	0.7203600],
[705,	0.0066050,	0.0025650,	0.0000000,	0.7203200],
[710,	0.0045530,	0.0017680,	0.0000000,	0.7202300],
[715,	0.0031450,	0.0012220,	0.0000000,	0.7200900],
[720,	0.0021750,	0.0008460,	0.0000000,	0.7199100],
[725,	0.0015060,	0.0005860,	0.0000000,	0.7196900],
[730,	0.0010450,	0.0004070,	0.0000000,	0.7194500],
[735,	0.0007270,	0.0002840,	0.0000000,	0.7191900],
[740,	0.0005080,	0.0001990,	0.0000000,	0.7189100],
[745,	0.0003560,	0.0001400,	0.0000000,	0.7186100],
[750,	0.0002510,	0.0000980,	0.0000000,	0.7182900],
[755,	0.0001780,	0.0000700,	0.0000000,	0.7179600],
[760,	0.0001260,	0.0000500,	0.0000000,	0.7176100],
[765,	0.0000900,	0.0000360,	0.0000000,	0.7172400],
[770,	0.0000650,	0.0000250,	0.0000000,	0.7168600],
[775,	0.0000460,	0.0000180,	0.0000000,	0.7164600],
[780,	0.0000330,	0.0000130,	0.0000000,	0.7160600]])